24
10
3
1
6
4
1
1
1
1
1
1
1
1
1
2
1
1
30
2
1
1
1
1
5
1
1
1
1
1
1
1
1
1
1
1
2
1
1
2
1
1
0
1
1
1
1
1
1
1
1
2
1
1
1
1
1
1
1
1
1
1
1
1
1
2
2
1
1
1
4
1
1
1
2
1
1
1
1
1
1
1
1
1
1
1
1
16
1
1
0
1
2
2
1
1
1
1
1
1
1
1
1
4
3
1
5
1
1
1
1
1
1
1
1
1
1
1
1
1
1
1
1
3
2
3
1
1
1
1
1
1
1
1
1
1
1
1
2
1
1
1
1
1
1
1
1
2
1
1
1
1
1
1
2
1
1
2
1
1
1
0
1
1
1
1
1
1
1
1
1
11
1
2
1
4
1
1
1
1
2
1
1
1
1
1
1
1
1
2
1
1
1
1
1
1
10
1
1
1
1
1
1
3
1
1
1
1
1
1
0
1
1
8
1
1
1
1
1
1
1
1
1
2
1
1
1
1
1
1
3
1
0
10
1
1
1
1
1
1
1
1
1
1
1
1
1
1
1
1
1
1
2
2
23
1
2
1
1
1
1
1
1
1
8
1
1
1
1
2
17
1
0
1
1
1
1
2
1
1
1
3
1
1
1
1
1
8
2
1
1
1
3
1
1
1
1
3
3
1
1
1
1
1
1
1
1
5
1
1
1
1
2
1
1
1
1
2
1
1
1
1
1
1
1
1
1
1
1
1
1
1
1
1
2
2
1
1
1
2
1
1
1
1
3
1
1
1
1
2
5
1
1
1
1
1
1
1
1
1
1
2
3
1
1
1
0
2
7
1
1
3
1
1
1
1
2
1
3
1
2
1
1
1
2
3
4
3
3
2
1
4
1
1
1
1
1
0
1
3
1
1
1
1
1
2
11
1
1
1
1
1
3
1
1
1
19
24
20
35
12
4
15
5
6
2
1
28
2
1
4
9
1
1
1
20
5
1
1
1
2
2
2
2
1
1
2
1
2
3
1
4
1
18
1
2
1
1
3
4
16
1
1
1
1
2
2
1
3
5
5
1
1
2
1
22
1
1
3
2
2
1
9
1
7
1
1
1
4
1
1
1
2
1
2
1
1
2
2
1
3
1
1
1
1
5
1
1
1
1
1
1
1
1
1
8
1
1
1
1
5
1
2
1
1
2
1
1
2
2
1
1
1
1
5
1
1
2
2
1
1
1
1
1
1
1
4
2
4
1
1
1
1
1
1
1
5
1
1
1
2
2
1
1
1
1
1
1
1
0
1
0
1
1
1
1
1
1
2
1
1
1
1
2
1
1
1
0
1
0
1
1
1
0
1
1
1
1
1
0
1
1
1
1
1
1
1
6
1
1
1
1
1
1
1
1
2
1
1
1
1
1
1
1
3
1
1
1
1
1
4
1
1
1
1
1
1
1
1
1
1
1
1
1
1
1
1
1
1
1
1
1
0
0
1
1
2
1
1
37
1
2
2
4
1
2
1
1
1
1
1
1
1
1
3
1
1
1
1
5
1
1
2
1
0
1
1
1
6
1
1
6
1
1
1
1
1
1
1
1
6
3
1
1
2
2
1
1
1
2
1
1
1
1
3
1
1
1
8
1
3
1
2
1
1
7
1
1
1
1
2
1
1
1
1
1
1
1
2
1
1
1
1
2
1
5
1
1
3
1
2
1
2
1
6
1
1
1
1
1
1
1
1
1
1
1
1
1
1
1
1
1
1
18
1
2
2
1
1
0
1
1
1
1
1
1
1
1
1
1
1
2
3
1
1
2
1
1
1
1
3
4
2
2
1
1
3
1
1
1
1
1
1
2
1
1
1
1
2
1
1
2
1
1
2
1
1
1
1
1
1
2
1
3
3
1
1
1
1
1
1
1
1
2
2
2
1
2
1
1
1
1
1
3
1
1
1
1
5
1
1
1
10
1
1
1
17
1
2
1
1
2
1
3
1
1
1
1
1
1
1
1
1
1
1
1
1
1
0
1
1
2
1
1
1
1
1
1
1
2
1
1
2
1
1
1
1
1
1
1
2
1
1
1
2
1
2
1
1
5
1
1
1
1
1
1
0
0
2
1
1
1
2
1
2
1
1
14
1
1
0
1
6
1
10
4
9
1
1
2
4
3
4
1
1
3
1
4
1
3
1
1
2
1
1
1
1
3
2
1
20
3
1
2
1
6
4
1
1
14
2
0
2
1
1
12
1
1